0000000000111111111111111111111111111111111111111111111111100
0000000011111111111111111111111111111111111111111111111111110
0000000111111111111111111111111111111111111111111111111111110
0000011111111111111111111111111111111111111111111111111111100
0000111111111111111111111111111111111111111111111111111111000
0001111111111111111111111111111111111111111111111111111110000
0011111111111111111111111111111111111111111111111111111100000
0111111000000000011111111000000000011111111100000000000000000
1111000000000000011111111000000000011111111100000000000000000
0000000000000000011111111000000000011111111100000000000000000
0000000000000000011111111000000000011111111100000000000000000
0000000000000000011111111000000000011111111000000000000000000
0000000000000000011111111000000000011111111000000000000000000
0000000000000000011111111000000000011111111000000000000000000
0000000000000000011111111000000000011111111000000000000000000
0000000000000000011111111000000000111111111000000000000000000
0000000000000000011111111000000000111111111000000000000000000
0000000000000000011111111000000000111111111000000000000000000
0000000000000000011111111100000000111111111000000000000000000
0000000000000000011111111100000000111111111000000000000000000
0000000000000000011111111100000000111111111000000000000000000
0000000000000000111111111100000000111111111000000000000000000
0000000000000000111111111100000000111111111000000000000000000
0000000000000000111111111100000000111111111000000000000000000
0000000000000001111111111100000000011111111100000000000001000
0000000000000011111111111100000000011111111100000000000001100
0000000000000111111111111100000000011111111100000000000001110
0000000000001111111111111100000000011111111110000000000001111
0000000000001111111111111100000000011111111111100000000111111
0000000000011111111111111000000000001111111111111000111111110
0000000000011111111111111000000000001111111111111111111111110
0000000000011111111111111000000000000111111111111111111111100
0000000000001111111111110000000000000011111111111111111111000
0000000000001111111111100000000000000001111111111111111110000
0000000000000011111111000000000000000000011111111111111000000
0000000000000000000000000000000000000000000011111110000000000